9018741 144 174957196687
49957 44 61147007694741663
51442384 956131624979772 42633175241916510
31641 1 67
7 7 1595169
50951164328320 1456520758631550 33
7110276965790568 8854390930633 40978580081864416
77631 14773841 9557712133414
81150218105709038 592695161983 733978
123024261 308479106 9
76303588555134907 401088090 29098229197
2480964 13219 12454458
9528830875 892903714 8
7230455162639440 90053680771 5239
9843549134 281343873299430 872
511567735476775470 5585 1568592881238129
11508265467688578 670479443894340451 80017
369757362738921148 986443476164 9
58316278 1 1964526216022364
86179 5212354226 767573334379186451
51748852474804 365 35376
2174083 80300 15395112932
283705332346445 498160153 31592
757184 198842086 421656403
497 549336789 1908343
388586 17934187839623 2108576
41086633 8 49
189927 9269569 791545457912956129
384128454490832 8943696557427 761499622690
2222694 2915190170750520 371409666141
728 239057061721625098 9788
25 4015058 4156
4605756801758810 19535 5
8529323 3 16134872693983
880284 4665 27029
5494658 680292402322 20686715
62 1 121016817673800698
4370957149910710 403228827820598 523534
70964314047 60166 5638
21110940 45 910774033351
68352968 9845787581 16189540003328986
9637946384048371 1357229255620 71048019437724424
6722597657758 314167390201069835 282
43891803273 550673103 9129494511
975 86 751141
18747668 537102264359185239 43224274
321660069251 78814293109414 53114080727618297
926165 75807605082855324 2065
667703 61440522 967809
982207 61042642560792 42218739140530